Title		
Protocol	ecoplate2020_590nm.pro	
Date/Time	08/24/2021 15:51:01	
Technician		
Plate ID		
Unit		
Reader Setup	590nm  Endpoint  Mix speed L, time 3s Temp **.*	
Reader Info	iMark   21104   1.03.00.J Build 06	
Comments	
	


Raw Data[Wavelength:590.0]:
 	1	2	3	4	5	6	7	8	9	10	11	12	
A	0.246	1.205	1.743	1.706	0.190	0.158	1.087	1.946	0.196	1.056	1.660	1.378	
B	2.783	1.365	2.584	2.236	2.042	0.938	2.944	2.631	2.415	0.130	2.653	2.866	
C	1.897	0.554	0.074	1.486	2.581	0.191	0.172	1.168	2.555	2.879	0.085	1.907	
D	1.709	2.268	1.440	1.401	2.244	2.867	1.813	1.692	1.589	2.362	0.941	2.611	
E	1.167	2.652	1.998	2.405	1.817	2.092	2.247	2.582	0.746	2.344	2.110	0.134	
F	0.116	1.968	0.345	1.304	0.102	2.223	0.687	1.071	0.105	2.188	0.103	0.445	
G	1.825	0.207	1.520	0.142	1.898	0.929	1.198	1.060	2.268	1.178	1.320	0.641	
H	0.974	0.987	0.612	1.011	0.845	0.993	0.711	1.853	1.114	1.225	1.140	0.632	
 


